4294967278,7
4294967278,6
4294967278,5
4294967278,4
4294967279,132
4294967294,104
4294967294,106
4294967294,166
4294967294,24
4294967294,160
4294967294,168
4294967294,162
4294967294,1413
4294967294,12
4294967278,9
4294967278,8
4294967279,541
4294967278,297
4294967279,157
4294967278,357
4294967279,156
4294967278,13
4294967278,12
4294967278,11
4294967278,10
4294967278,336
4294967279,539
4294967278,356
4294967278,153
4294967278,17
4294967278,16
4294967278,15
4294967278,14
4294967278,330
4294967279,291
4294967278,329
4294967279,151
4294967278,296
4294967279,525
4294967278,295
4294967279,570
4294967278,148
4294967278,20
4294967278,19
4294967278,18
4294967279,569
4294967278,375
4294967279,568
4294967278,146
4294967279,289
4294967278,354
4294967279,567
4294967278,353
4294967279,144
4294967279,143
4294967278,22
4294967278,21
4294967278,352
4294967278,333
4294967279,524
4294967278,140
4294967278,294
4294967279,523
4294967278,138
4294967278,24
4294967278,23
4294967279,138
4294967278,137
4294967279,522
4294967279,136
4294967279,271
4294967279,134
4294967279,287
4294967278,37
4294967278,36
4294967278,35
4294967278,34
4294967278,33
4294967278,32
4294967278,31
4294967278,30
4294967278,29
4294967278,28
4294967278,27
4294967278,26
4294967278,25
4294967279,566
4294967279,284
4294967279,268
4294967279,267
4294967279,266
4294967279,280
4294967279,264
4294967279,263
4294967279,262
4294967279,258
4294967279,565
4294967279,564
64,5
4294967279,257
4294967279,256
64,4
64,3
64,2
64,1
4294967279,255
4294967279,518
4294967278,325
4294967279,563
4294967278,57
4294967278,56
4294967278,55
4294967278,54
4294967278,53
4294967278,52
4294967278,51
4294967278,50
4294967278,49
4294967278,48
4294967278,47
4294967278,46
4294967278,45
4294967278,44
4294967278,43
4294967278,42
4294967278,41
4294967278,40
4294967278,39
4294967278,38
4294967279,74
4294967279,73
4294967279,72
4294967279,71
4294967279,69
4294967279,68
4294967279,67
4294967279,66
4294967279,65
4294967279,64
4294967279,62
4294967279,60
4294967279,59
4294967279,57
4294967279,55
4294967279,54
4294967279,53
4294967279,52
4294967279,50
4294967279,49
4294967279,47
4294967279,46
4294967279,44
4294967279,43
4294967279,41
4294967279,39
4294967279,37
4294967279,35
4294967279,32
4294967279,31
4294967279,30
4294967279,28
4294967279,26
4294967279,25
4294967279,23
4294967279,21
4294967279,19
4294967279,17
4294967279,16
4294967279,15
4294967279,13
4294967279,12
4294967279,10
4294967279,9
4294967278,324
4294967278,257
4294967279,562
4294967278,323
4294967278,321
4294967278,374
4294967278,320
4294967278,255
63,5
4294967278,318
63,4
63,3
63,2
63,1
4294967278,254
4294967278,251
4294967279,531
4294967278,249
4294967278,246
4294967278,247
4294967278,244
4294967278,242
4294967278,243
4294967278,240
4294967278,238
4294967278,234
4294967278,237
62,5
62,4
4294967278,236
62,3
62,2
62,1
4294967278,235
4294967278,231
4294967278,228
4294967278,229
4294967278,226
4294967294,38
4294967294,37
4294967294,388
4294967278,224
4294967278,225
4294967278,222
4294967278,218
61,5
4294967278,216
61,4
61,3
61,2
61,1
4294967278,214
4294967294,40
4294967278,212
4294967278,211
4294967278,316
4294967278,210
4294967278,209
4294967278,208
4294967278,314
4294967278,207
4294967294,967
4294967278,206
4294967278,205
4294967278,204
4294967278,203
4294967278,373
4294967294,5
4294967294,392
4294967294,390
4294967294,114
4294967294,120
4294967294,115
4294967278,338
4294967278,200
4294967278,334
4294967278,199
4294967279,551
4294967278,198
4294967278,311
4294967278,197
4294967278,196
4294967278,193
4294967278,195
57,5
57,4
4294967278,194
57,3
57,2
57,1
4294967278,192
4294967294,107
4294967278,191
4294967294,92
4294967294,90
4294967294,88
4294967294,86
4294967294,85
4294967294,952
4294967294,29
4294967294,922
4294967294,53
4294967294,45
4294967278,366
4294967294,36
4294967294,39
4294967294,42
4294967294,99
4294967294,41
4294967294,424
4294967294,416
4294967294,472
4294967294,1414
4294967278,365
4294967278,132
4294967278,131
4294967278,130
4294967278,129
4294967278,128
4294967278,127
4294967278,126
4294967278,125
4294967278,124
4294967278,123
4294967278,122
4294967278,121
4294967278,120
4294967278,119
4294967278,118
4294967278,117
4294967278,116
4294967278,115
4294967278,114
4294967278,113
4294967278,112
4294967278,111
4294967278,110
4294967278,109
4294967278,108
4294967278,107
4294967278,106
4294967278,105
4294967278,104
4294967278,103
